BackTracking :
- Sudoku : 0.201292 s


Glouton Avancé :
- Carte : 0.000427 s
- GSM : 0.000198 s
- Sudoku : 0.003618 s (en 11 couleurs néanmoins)

Glouton naif :
- Carte : 0.000534 s
- GSM : 0.000305 s
- Sudoku : 0.006193 s (en 11 couleurs par contre)